1.45283500000089	21.4	0	-12177
1.67367599999905	40.86	0.42	88
1.79950599999726	58.37	0.79	89
1.99051600000262	74.14	0.67	92
2.03006899999827	88.32	0.57	94
2.06757100000232	101.09	0.49	97
2.10707400000095	112.58	0.42	100
2.1444280000031	122.92	0.36	104
2.18477099999785	132.23	0.3	108
2.22106000000238	140.61	0.26	113
2.25914800000191	148.15	0.22	118
2.29572999999672	154.93	0.19	124
2.33513300000131	161.04	0.16	130
2.37186900000274	166.24	6.65	107
2.41060099999607	171.11	23.99	66
2.44859399999678	175.4	43.53	56
2.48454100000113	179.16	58.84	71
2.52181599999964	182.64	70.38	87
2.55722699999809	185.78	78.98	99
2.59152199999988	188.6	85.06	111
2.62855799999833	191.04	88.84	122
2.66965599999577	193.34	90.8	133
2.70697299999744	195.4	96.42	121
2.74344099999964	197.16	109.17	93
2.77792599999905	198.75	122.69	88
2.81422500000149	200.27	132.58	102
2.85326600000262	201.65	139.48	114
2.88951600000262	202.88	143.82	125
2.92679399999976	203.99	146.11	134
2.96209300000221	204.89	150.48	127
3.0092650000006	205.8	159.62	108
3.06141799999773	206.62	169.03	105
3.11369799999893	207.36	175.28	116
3.1658200000003	208.03	178.96	126
3.21815100000054	208.52	180.59	134
3.27113199999928	208.97	183.41	130
3.32338300000131	209.37	191.46	108
3.37564100000262	209.84	202.18	95
3.42815500000119	210.25	210.7	101
3.4800150000006	210.53	216.05	110
3.53201099999994	210.97	218.91	119
3.58446299999952	211.28	219.58	127
3.63667099999636	211.45	218.49	133
3.68969200000167	211.7	218.51	129
3.74191899999976	211.93	222.97	110
3.79439899999648	212.14	229.71	98
3.84572699999809	212.33	234.68	103
3.89816799999774	212.49	237.09	111
3.9501819999963	212.64	237.34	118
4.00288399999589	212.78	235.79	124
4.05493699999899	212.9	232.77	130
4.1074319999963	213.01	231	125
4.15970399999618	213.11	232.51	111
4.21205799999833	213.2	234.19	109
4.26393100000173	213.38	233.83	117
4.31726099999994	213.34	231.77	122
4.3695380000025	213.41	228.32	128
4.42167000000179	213.47	226.6	122
4.47372100000083	213.52	228.34	107
4.52609499999881	213.57	230.24	105
4.5790019999966	213.61	230.18	112
4.63107100000232	213.65	228.35	119
4.6834130000025	213.69	225.11	125
4.73528599999845	213.72	220.79	130
4.78764599999785	213.64	218.52	122
4.84044799999893	213.68	220.48	106
4.8918599999994	213.71	222.97	103
5.18461800000072	213.94	223.31	111
5.23599099999666	213.95	221.81	118
5.27335199999809	213.95	218.97	123
5.31199099999666	213.86	215.03	128
5.34931499999762	213.87	213.09	122
5.38759700000286	213.88	215.45	104
5.42525400000066	213.9	218.4	101
5.46036599999666	213.91	219.14	109
5.49926900000125	213.92	218.11	116
5.53645700000227	213.82	215.67	122
5.57690799999982	213.74	211.92	128
5.61571899999678	213.77	210.28	121
5.65372399999946	213.69	213.01	103
5.69510099999607	213.82	216.17	101
5.73157800000161	213.84	217.13	109
5.76764400000125	213.76	216.38	115
5.80784300000221	213.78	214.02	122
5.84433799999952	214	210.36	129
5.88612099999934	214	208.92	121
5.93796499999613	214.1	211.87	103
5.99010400000215	213.99	215.31	100
6.04242400000244	213.99	216.47	108
6.09465299999714	213.99	215.69	116
6.1471950000003	213.89	213.48	122
6.19938599999994	213.9	209.92	129
6.25146100000292	213.81	208.43	121
6.39370399999618	213.83	211.42	103
6.44196100000292	213.75	214.92	100
6.49062200000137	213.77	216.15	108
6.5393900000006	214	215.41	117
6.58389899999648	213.9	213.23	122
6.62984200000018	213.91	209.7	129
6.68053299999982	213.82	208.23	121
6.72399799999595	213.74	211.24	103
6.76909200000018	213.76	214.76	100
6.81984799999744	213.79	216.02	109
6.86190399999917	213.81	215.33	116
6.90954100000113	213.73	213.18	122
6.95202700000256	213.65	209.78	128
6.99594399999827	213.69	208.43	121
7.04781300000101	213.62	211.3	104
7.16643500000238	213.66	214.71	101
7.21585599999875	213.79	215.99	109
7.26925400000066	213.81	215.31	117
7.31522599999607	213.83	213.17	123
7.3679830000028	213.75	209.79	129
7.42485499999672	213.77	208.45	122
7.47641899999976	213.7	211.32	104
7.51777499999851	213.73	214.73	102
7.56860599999875	213.95	216	110
7.60920700000227	213.96	215.29	117
7.65074300000072	213.96	213.13	123
7.7089619999975	213.97	209.77	129
7.75084300000221	213.97	208.44	122
7.793	213.97	211.42	105
7.83876200000197	214.18	214.81	103
7.88086199999601	214.16	215.94	110
7.92517700000107	214.14	215.33	117
7.97679900000244	214.13	213.14	124
8.02916200000048	214.12	209.61	130
8.08133799999952	214.1	208.39	122
8.13367599999905	213.99	211.5	104
8.18641499999911	214.19	214.89	103
8.23866700000316	214.07	216.11	110
8.29102399999648	214.17	215.47	118
8.34339899999648	214.05	213.28	124
8.39572500000149	214.05	209.76	131
8.44804900000244	214.04	208.4	123
8.50083900000155	213.94	211.51	104
8.5529280000031	214.14	214.89	104
8.60509499999881	214.03	216.11	110
8.65743100000173	214.13	215.46	118
8.70965100000054	214.01	213.28	124
8.76183299999684	214.01	209.76	131
8.81452799999714	214.01	208.42	123
8.8671080000028	214.01	211.54	105
8.91812200000137	214.01	214.92	103
8.97113000000268	213.91	216.04	111
9.02308200000227	213.92	215.43	118
9.07542899999768	213.83	213.37	124
9.12772900000215	213.74	209.95	130
9.17996700000018	213.77	208.59	124
9.2325150000006	213.69	211.58	106
9.2847669999972	213.72	214.95	103
9.33747599999607	213.65	216.17	111
9.38947500000149	213.79	215.53	119
9.44186100000143	213.71	213.35	125
9.49319799999893	213.74	209.94	131
9.54650800000131	213.76	208.58	124
9.59863000000268	213.69	211.57	106
9.65082400000095	213.72	214.94	104
9.70256199999899	213.65	216.17	111
9.75469900000095	213.68	215.53	119
9.80701099999994	213.71	213.33	125
9.86002700000256	213.64	209.94	131
9.91126999999583	213.68	208.61	124
9.96364999999851	213.61	211.62	106
10.0164469999969	213.65	215	104
10.0689230000004	213.58	216.22	111
10.1210150000006	213.63	215.57	119
10.1740989999995	213.66	213.37	126
10.2253929999992	213.6	209.97	131
10.2779699999988	213.64	208.64	124
10.3302730000019	213.57	211.62	106
10.3825600000024	213.62	214.98	104
10.4343149999976	213.55	216.2	111
10.4879450000003	213.7	215.56	120
10.5387550000027	213.73	213.36	126
10.5909940000027	213.66	209.96	131
10.6430899999961	213.69	208.62	124
10.6960539999977	213.72	211.62	107
10.7478170000017	213.75	215	104
10.8011969999969	213.67	216.21	112
10.8532580000013	213.71	215.57	119
10.9050329999998	213.74	213.37	126
10.9576359999999	213.66	209.98	131
11.0090909999982	213.7	208.65	125
11.062575000003	213.63	211.66	107
11.1137129999995	213.66	215.05	104
11.1664479999989	213.7	216.26	112
11.2183769999966	213.73	215.61	120
11.2711159999967	213.96	213.39	127
11.3232170000002	213.96	209.96	132
11.3755829999968	213.96	208.58	125
11.42825	213.97	211.67	107
11.4801400000006	213.97	215.15	104
11.5334460000023	213.97	216.35	113
11.5843460000008	213.98	215.7	120
11.636800999999	213.98	213.5	127
11.6898200000003	213.98	210.06	133
11.7422660000026	213.88	208.67	125
11.7938489999995	213.89	211.74	107
11.8464319999963	213.9	215.2	105
11.8989149999991	213.81	216.39	112
11.951186999999	214.03	215.72	121
12.0030490000024	213.93	213.5	126
12.0554439999983	213.94	209.94	133
12.1079509999976	213.84	208.44	126
12.1599130000025	213.86	211.45	108
12.2127669999972	213.77	214.96	104
12.2650600000024	213.8	216.17	113
12.3172470000014	213.92	215.43	121
12.369111999996	213.92	213.13	128
12.421450000003	213.93	212.56	121
12.4736190000027	213.94	215.81	105
12.526174999997	214.14	219.16	105
12.5783580000028	214.03	220.31	111
12.6310260000005	214.03	219.61	119
12.6828980000019	214.02	217.25	126
12.7352400000021	214.12	213.7	132
12.7876939999983	214.11	212.25	124
12.8399439999983	214.1	215.04	107
12.8921410000026	214.09	218.21	104
12.9440590000004	214.08	219.16	112
12.9966019999981	214.27	218.3	120
13.0489970000014	214.14	215.98	125
13.1012650000006	214.13	212.32	132
13.153561999999	214.32	210.76	125
13.2059460000023	214.29	213.57	107
13.2580879999995	214.26	216.79	104
13.3101489999965	214.23	217.85	112
13.3625539999977	214.21	217.11	119
13.4153299999982	214.19	214.83	125
13.4672140000015	214.17	211.23	132
13.5187660000026	214.15	209.73	124
13.5720080000013	214.14	212.6	107
13.6241670000032	214.12	215.96	104
13.6756469999999	214.11	217.04	112
13.7281510000005	214.3	216.29	120
13.7806300000027	214.17	214.12	125
13.8332390000001	214.15	210.62	132
13.8855270000026	214.14	209.17	124
13.9369640000016	214.12	212.07	107
13.9903819999993	214.11	215.38	104
14.0422779999971	214	216.53	112
14.0945949999988	214.1	215.85	120
14.1461330000013	213.99	213.61	125
14.1986199999973	213.99	210.04	132
14.2506410000026	213.99	208.64	125
14.3029799999967	213.89	211.73	106
14.3558390000016	213.9	215.09	104
14.4077210000008	213.81	216.29	112
14.4608049999997	213.83	215.64	119
14.5124600000009	213.85	213.31	127
14.5644970000014	213.86	209.77	133
14.6176569999978	213.88	208.42	125
14.6700579999983	213.89	211.43	107
14.7220450000018	213.8	214.96	104
14.7739750000015	213.82	216.18	112
14.826012000002	213.84	215.46	120
14.8781799999997	213.75	213.29	126
14.9301309999973	213.78	209.76	133
14.9834560000002	213.7	208.29	125
15.0358540000021	213.73	211.32	107
15.0877440000027	213.66	214.87	104
15.1400659999996	213.69	216.1	113
15.1924219999984	213.92	215.38	121
15.2445450000018	213.83	213.2	126
15.2965710000023	214.05	209.67	134
15.349189000003	214.04	208.21	126
15.4012110000029	214.04	211.26	108
15.4531529999971	214.23	214.72	106
15.5054460000023	214.11	215.86	113
15.5579130000025	214.1	215.24	120
15.6100799999982	214.29	213.07	128
15.6627170000002	214.26	212.5	121
15.7149319999963	214.13	215.76	105
15.7672049999982	214.12	219.1	104
15.8196789999977	214.01	220.27	111
15.8720649999976	214.01	219.6	119
15.9240520000011	214.01	217.24	126
15.975998999998	213.91	213.69	131
16.0279849999994	213.92	212.21	124
16.0813999999985	213.92	214.85	107
16.1332250000015	213.93	217.9	105
16.1857070000023	213.94	218.81	112
16.2385879999995	213.94	217.91	119
16.2898690000027	213.95	215.47	126
16.3426070000008	213.86	211.86	131
16.394450000003	213.87	210.34	124
16.4471899999976	213.78	213.09	107
16.4994619999975	214	216.25	105
16.5520649999976	214	217.17	113
16.6038549999967	213.9	216.41	119
16.6559170000032	213.91	214.09	126
16.7085930000022	214.02	210.33	133
16.7609539999962	213.92	208.78	125
16.8135019999966	214.03	211.74	107
16.8654029999971	213.92	215.22	103
16.9180109999999	213.93	216.4	112
16.9702070000023	213.94	215.62	120
17.0221480000019	214.05	213.29	127
17.074112999998	213.94	209.77	132
17.1270899999961	213.95	208.41	125
17.1788800000027	213.85	211.39	107
17.2310340000018	213.87	214.77	105
17.2833350000009	213.88	215.93	113
17.3352789999992	213.89	215.25	120
17.3874940000027	214.1	212.98	128
17.4396719999984	214.09	212.43	120
17.4920520000011	213.98	215.68	104
17.5455219999999	214.19	219.02	104
17.5981229999959	214.07	220.07	111
17.649174999997	213.96	219.4	117
17.7020860000029	213.96	217.18	124
17.7538640000001	213.97	213.5	131
17.8070579999983	213.87	211.89	123
17.8588800000027	213.88	214.65	106
17.911737999998	213.9	217.82	103
17.9634640000016	213.91	218.74	112
18.0167980000004	213.92	217.87	119
18.068199000001	213.82	215.49	125
18.120564000003	213.74	211.8	131
18.1722519999966	213.77	210.2	124
18.2248830000013	213.69	212.97	106
18.2770839999989	213.92	216.14	104
18.3296140000001	214.03	217.1	112
18.3809429999962	214.03	216.27	119
18.4336220000014	214.02	213.87	126
18.4861000000015	213.92	210.26	131
18.5382159999982	213.83	208.71	124
18.590487999998	213.85	211.57	107
18.6425040000007	213.76	214.93	103
18.6946559999958	213.69	216.13	111
18.7470689999983	213.62	215.49	118
18.8000429999977	213.56	213.18	125
18.8516389999986	213.6	209.55	132
18.9036719999984	213.54	207.99	124
18.9561819999963	213.49	210.93	106
19.0086349999979	213.44	214.49	103
19.061001000002	213.39	215.78	111
19.1132290000021	213.35	215.09	119
19.1656719999984	213.32	212.83	126
19.2178949999958	213.29	209.24	132
19.2705380000025	213.26	207.73	125
19.3224680000022	213.33	210.73	107
19.3754050000012	213.4	214.27	104
19.427063000001	213.46	215.52	112
19.4786660000011	213.41	214.88	119
19.5312229999974	213.47	212.63	126
19.5828690000027	213.52	209.06	133
19.6352479999959	213.47	207.58	125
19.6872309999988	213.52	210.61	107
19.7411359999999	213.57	214.17	104
19.7920050000027	213.52	215.42	112
19.8443889999986	213.46	214.78	119
19.8968039999977	213.42	212.54	126
19.9494940000027	213.38	208.98	133
20.0019469999969	213.44	207.51	126
20.053	213.49	210.54	108
20.1055590000004	213.54	214.11	104
20.1577409999967	213.59	215.38	113
20.2101169999987	213.63	214.76	120
20.2622770000026	213.67	212.54	127
20.3145349999964	213.7	209	134
20.3672159999982	213.73	207.68	126
20.4194139999971	213.66	210.69	108
20.4716550000012	213.69	214.19	105
20.523824000001	213.72	215.53	113
20.5757920000032	213.75	214.88	121
20.6278069999963	213.78	212.63	128
20.6803399999961	213.8	212.02	122
20.7332070000023	214.02	215.27	107
20.785686999999	213.92	218.79	103
20.8370909999982	213.92	220	112
20.8898269999996	213.93	219.27	119
20.9416089999974	214.04	216.97	126
20.9942639999986	214.04	213.34	132
21.0462180000022	214.03	211.77	125
21.0992440000027	214.03	214.54	107
21.150862999998	213.93	217.72	104
21.2035860000029	213.93	218.66	112
21.2560059999973	213.94	217.78	120
21.3083420000002	214.15	215.37	127
21.3604909999967	214.13	211.65	132
21.4134629999995	214.12	210.13	125
21.4655059999973	214.01	213	107
21.5170679999962	214.21	216.19	105
21.5696489999965	214.09	217.22	112
21.6222739999965	214.08	216.42	120
21.6745789999962	214.07	213.96	127
21.7261040000021	214.06	210.32	133
21.7791920000017	214.06	208.89	125
21.8315019999966	213.95	211.82	107
21.8835539999977	213.96	215.14	105
21.9354189999998	213.96	216.25	113
21.9881499999985	213.96	215.52	120
22.040262000002	214.17	213.2	128
22.0925930000022	214.15	212.51	121
22.145185999997	214.04	215.76	104
22.1977030000016	214.03	219.21	102
22.2497789999992	213.93	220.36	110
22.3018069999963	213.94	219.67	118
22.3538650000021	214.14	217.29	126
22.4061960000023	214.03	213.72	130
22.4586920000017	214.13	212.22	124
22.5111140000001	214.11	214.83	107
22.5635459999964	214	217.86	103
22.6164319999963	214	218.78	111
22.668486999996	214	217.88	119
22.7200530000031	214	215.46	125
22.7729729999974	214.1	211.74	132
22.824810999997	214.09	210.22	124
22.8772299999967	214.08	213.09	106
22.9299219999984	214.07	216.27	104
22.9812320000008	213.97	217.3	111
23.0337969999984	214.17	216.51	119
23.086810999997	214.05	214.16	125
23.1390560000017	214.15	210.49	132
23.1912760000005	214.13	208.91	124
23.2429530000016	214.32	211.85	107
23.2953729999959	214.29	215.23	103
23.3475380000025	214.16	216.42	111
23.3998910000026	214.14	215.73	119
23.4521689999998	214.33	213.37	127
23.5049240000024	214.3	209.8	132
23.5572690000013	214.17	208.33	124
23.6092199999988	214.15	211.24	107
23.6622079999968	214.03	214.78	103
23.7154479999989	214.03	216.01	112
23.7655490000024	214.03	215.28	119
23.8182400000021	214.23	213	127
23.8708610000014	214.1	209.51	132
23.92325	214.09	208.08	125
23.9747170000002	214.08	211.03	107
24.0266040000021	214.07	214.54	104
24.0797580000013	214.07	215.76	112
24.1317859999984	214.06	215.1	120
24.1838559999987	214.25	212.85	127
24.2360850000009	214.23	209.25	133
24.2883680000007	214.21	207.85	125
24.3408390000015	214.19	210.96	107
24.3931389999986	214.37	214.47	105
24.4452189999968	214.33	215.67	113
24.497313000001	214.3	214.99	120
24.5493669999987	214.17	212.87	126
24.6017580000013	214.15	209.4	133
24.6537229999974	214.14	208.02	126
24.7069039999992	214.12	211.09	108
24.7586810000017	214.11	214.53	105
24.8109050000012	214.1	215.72	113
24.8633310000002	214.09	215.08	121
24.9156700000018	214.28	212.86	128
24.9679680000022	214.25	212.33	121
25.0202419999987	214.23	215.62	105
25.0719710000008	214.3	218.99	104
25.1247180000022	214.17	220.18	111
25.1772239999995	214.16	219.53	119
25.2296499999985	214.14	217.18	126
25.2810700000003	214.13	213.64	132
25.3335399999991	214.11	212.16	124
25.3860380000025	214.1	214.81	107
25.4384280000031	213.99	217.84	104
25.490800999999	213.89	218.87	112
25.5423859999999	213.8	218.1	119
25.5946009999961	213.82	215.54	127
25.6469949999973	213.74	211.83	132
25.6994759999961	213.77	210.34	124
25.751376000002	213.79	213.11	107
25.8040380000025	213.81	216.29	104
25.8564219999984	213.73	217.32	112
25.9089930000007	213.96	216.52	120
25.9607880000025	213.96	214.06	127
26.0137180000022	213.97	210.42	132
26.0646939999983	213.97	209.01	124
26.1181599999964	213.87	211.96	106
26.1697660000026	213.88	215.27	104
26.2226459999979	213.9	216.36	112
26.2740920000002	213.91	215.62	120
26.326699000001	214.12	213.3	127
26.379435999997	214	209.76	132
26.4308079999983	213.9	208.3	125
26.4833100000024	213.91	211.22	108
26.5358790000007	213.82	214.78	104
26.5887589999959	213.84	216.02	112
26.6399189999998	213.86	215.31	120
26.692063000001	213.87	213.03	127
26.7447390000001	213.88	209.54	133
26.7974619999975	213.89	208.24	125
26.849126000002	213.81	211.27	107
26.9018449999988	214.02	214.68	106
26.953362999998	214.22	215.86	114
27.0056950000003	214.4	215.21	121
27.0583949999958	214.36	212.95	127
27.1108729999959	214.32	209.45	133
27.1624649999961	214.29	208.18	125
27.2148039999977	214.16	211.26	107
27.2668060000017	214.35	214.69	106
27.3191819999963	214.51	215.87	114
27.3799099999964	214.46	215.21	121
27.4266000000015	214.31	213.08	127
27.4771140000001	214.48	209.57	135
27.5283859999999	214.43	208.12	127
27.5801969999969	214.39	211.18	108
27.633125	214.35	214.66	106
27.685675999999	214.22	215.95	113
27.7381199999973	214.2	215.34	121
27.7893069999963	214.18	213.04	128
27.8418690000027	214.16	212.48	122
27.894061999999	214.14	215.76	106
27.9462299999967	214.13	219.13	104
27.999998999998	214.02	220.28	112
28.0518420000002	214.01	219.59	119
28.1033959999979	214.21	217.22	127
28.156137000002	214.09	213.65	132
28.2077220000029	214.08	212.15	125
28.2602650000006	214.07	214.77	108
28.3127140000015	213.97	217.81	105
28.365189000003	213.87	218.74	113
28.4179570000023	213.78	217.84	120
28.4705780000016	213.8	215.42	127
28.5217829999998	213.72	211.83	132
28.5748729999959	213.75	210.33	125
28.6261969999969	213.68	213.09	107
28.6793570000008	213.71	216.27	105
28.7317849999964	213.64	217.3	112
28.7829270000011	213.67	216.5	120
28.8355270000026	213.71	214.04	127
28.8880040000007	213.74	210.39	133
28.9407170000002	213.76	208.97	125
28.992012000002	213.69	211.91	107
29.0449959999993	213.92	215.24	106
29.0967119999975	213.83	216.39	112
29.1495099999979	213.84	215.7	120
29.2017409999967	213.86	213.34	127
29.2542210000008	213.77	209.78	133
29.3059350000024	213.8	208.43	125
29.3584200000018	213.72	211.43	107
29.4109310000017	213.74	214.83	105
29.4634130000025	213.67	216.05	113
29.5152009999976	213.7	215.42	120
29.5681929999962	213.73	213.11	127
29.6204139999971	213.96	209.6	134
29.6729429999962	213.96	208.27	126
29.7251410000026	213.97	211.31	108
29.7776579999998	213.97	214.86	105
29.8297990000024	213.97	216.09	113
29.8816810000017	213.88	215.48	120
29.9335549999997	213.89	213.3	127
29.9858910000026	213.8	209.79	133
30.0383079999983	213.82	208.46	126
30.0906590000018	213.74	211.46	108
30.1430490000024	213.76	214.85	106
30.1957770000026	213.69	216.09	113
30.2480179999992	213.72	215.46	121
30.3005930000022	213.75	213.15	128
30.3519460000023	213.77	212.58	122
30.4046319999993	213.79	215.83	106
30.457200000003	213.92	219.27	104
30.5088159999996	213.92	220.45	112
30.5615560000017	213.93	219.78	119
30.6134340000004	213.84	217.51	125
30.6658819999993	213.85	213.91	132
30.7183379999995	213.87	212.51	124
30.7708559999987	213.78	215.19	107
30.8235439999998	213.8	218.31	104
30.8754629999995	213.82	219.32	112
30.9268189999983	213.84	218.4	119
30.9794560000002	214.06	215.96	127
31.0318020000011	213.95	212.31	131
31.0841550000012	214.16	210.75	125
31.1360129999965	214.14	213.48	107
31.1889930000007	214.03	216.64	104
31.241424999997	214.22	217.64	113
31.2930759999976	214.1	216.93	118
31.3453690000027	214.09	214.55	126
31.3980649999976	214.08	210.84	133
31.4497400000021	213.97	209.33	124
31.5022699999958	213.98	212.32	107
31.5548959999979	213.98	215.71	104
31.6073879999965	214.18	216.82	113
31.6594729999974	214.16	216.12	119
31.7116960000023	214.35	213.86	127
31.7635309999958	214.51	210.37	133
31.8158659999967	214.46	208.97	125
31.8680129999965	214.41	211.96	107
31.9201950000003	214.37	215.41	104
31.9721920000017	214.34	216.57	112
32.0252650000006	214.5	215.89	120
32.0775909999982	214.35	213.77	125
32.1295679999962	214.32	210.3	132
32.1816499999985	214.29	208.89	125
32.2338479999974	214.16	211.85	107
32.2861489999965	214.14	215.2	105
32.338561999999	214.13	216.39	113
32.3914780000001	214.11	215.73	120
32.4427870000005	214.1	213.5	127
32.4952140000016	213.99	210.1	132
32.5483540000021	213.89	208.76	125
32.6014509999976	213.9	211.75	108
32.652438000001	214.01	215.12	105
32.7039689999968	214.01	216.32	113
32.7563859999999	214.01	215.69	120
32.8089759999961	214.21	213.5	128
32.8617019999996	214.19	213.02	120
32.9133049999997	214.17	216.25	105
32.9658329999968	214.05	219.66	103
33.0184329999983	214.05	220.77	111
33.069873999998	214.04	220.02	118
33.1225040000007	213.94	217.86	124
33.1756199999973	213.84	214.35	130
33.2267390000001	213.86	212.77	124
33.2792699999958	213.77	215.34	106
33.3317100000009	213.8	218.47	104
33.3839479999989	213.82	219.47	111
33.4362330000028	214.04	218.55	119
33.4886719999984	214.03	216.1	125
33.5402770000026	214.03	212.45	131
33.593325000003	213.93	210.89	123
33.6447770000026	213.93	213.7	106
33.6982309999987	213.84	217.05	102
33.7491030000001	213.76	218.12	111
33.8017709999979	213.68	217.32	118
33.8542189999968	213.61	214.97	124
33.9063189999983	213.55	211.35	131
33.9588680000007	213.8	209.81	125
34.0112470000014	213.82	212.67	106
34.0631159999967	213.83	215.94	103
34.1158409999982	213.85	217.02	111
34.1681649999991	213.87	216.29	118
34.2205920000002	214.08	213.99	126
34.2719689999968	214.27	210.48	132
34.3250780000016	214.14	209.02	123
34.3772330000028	214.03	211.95	106
34.4295520000011	214.03	215.4	103
34.4820309999958	214.02	216.66	111
34.5339750000015	214.02	215.97	118
34.5861159999967	214.22	213.72	126
34.6382650000006	214.3	210.25	131
34.6907569999993	214.27	208.93	123
34.7431599999964	214.24	211.99	106
34.795825000003	214.12	215.33	103
34.8480679999962	214.11	216.51	111
34.9006840000004	214.09	215.93	118
34.9519240000024	214.19	213.78	125
35.0041689999998	214.37	210.32	132
35.0565139999986	214.23	208.91	124
35.1088680000007	214.21	211.95	106
35.1611929999962	214.09	215.37	103
35.2141599999964	214.08	216.54	112
35.2660019999966	214.07	215.99	118
35.3188530000001	214.16	213.84	126
35.370314000003	214.15	210.35	132
35.4228919999972	214.13	209.05	124
35.4755890000015	214.12	212.11	106
35.5272259999961	214.01	215.43	104
35.580563000001	214.01	216.59	112
35.632814000003	214.01	216.04	119
35.6847210000008	213.9	213.91	125
35.7368849999979	213.81	210.44	131
35.7886810000017	213.83	209.03	124
35.8415829999968	213.85	211.99	107
35.8940649999976	213.76	215.34	104
35.9453859999999	213.89	216.5	112
35.9980099999979	213.9	215.96	119
36.0498409999982	213.81	213.83	125
36.1030069999993	213.93	210.35	132
36.1545099999979	213.94	208.95	125
36.2074979999959	213.94	211.91	107
36.2591609999984	214.05	215.25	105
36.311813000001	214.04	216.43	112
36.3634240000024	213.94	215.78	119
36.4160759999976	213.94	213.57	126
36.4687730000019	213.95	210.12	132
36.5211300000027	213.96	208.69	125
36.5735439999998	213.96	211.77	107
36.6252779999971	213.86	215.27	104
36.6779350000024	213.88	216.45	112
36.7300920000002	213.79	215.92	119
36.7821000000015	213.71	213.78	126
36.8347110000029	213.64	210.28	132
36.8871780000031	213.68	208.88	125
36.9393219999969	213.71	211.85	107
36.991699000001	213.74	215.2	105
37.0436359999999	213.76	216.39	113
37.0970600000024	213.89	215.73	120
37.1482550000027	213.9	213.5	127
37.2008589999974	213.91	210.11	132
37.2530670000017	213.92	208.78	125
37.3048310000002	213.93	211.76	108
37.3587690000013	213.93	215.13	105
37.4101960000023	213.94	216.33	113
37.4622929999977	213.95	215.69	120
37.5141599999964	214.15	213.49	128
37.5669750000015	214.24	212.99	121
37.6191939999983	214.11	216.17	105
37.6710920000002	214	219.57	103
37.7231099999994	214	220.79	111
37.7757119999975	214	220.19	118
37.8277239999995	213.9	218	124
37.8801520000026	214.01	214.34	132
37.9319849999994	214.01	212.76	124
37.9852580000013	213.91	215.57	105
38.0375949999988	214.12	218.65	104
38.0892180000022	214.31	219.53	112
38.1411300000027	214.38	218.59	119
38.1933949999958	214.24	216.23	124
38.2459680000022	214.21	212.55	131
38.2983420000002	214.29	210.95	124
38.3501969999969	214.16	213.74	106
38.4037529999986	214.05	217.04	102
38.454998999998	213.94	218.2	110
38.5072110000029	213.85	217.4	118
38.5604230000004	213.76	215.08	124
38.6127259999961	213.69	211.44	131
38.664561999999	213.72	209.89	124
38.7170199999958	213.75	212.72	106
38.7695040000007	213.77	216.06	103
38.8211899999976	213.99	217.24	112
38.8732690000013	214	216.59	118
38.9255	213.9	214.38	124
38.9777330000028	213.91	210.83	131
39.0307899999991	214.12	209.37	124
39.0829149999991	214.1	212.27	106
39.1349670000002	214.09	215.68	103
39.187361999996	214.08	216.82	111
39.2394750000015	214.08	216.1	118
39.291939000003	214.07	213.94	125
39.3441840000004	214.06	210.43	131
39.3964940000027	214.16	209.01	124
39.4484759999961	214.14	211.97	106
39.5005719999969	214.13	215.42	103
39.5528779999986	214.11	216.59	111
39.6060530000031	214.3	215.89	119
39.6580939999968	214.27	213.75	125
39.7098889999986	214.14	210.29	131
39.761862999998	214.13	208.9	124
39.8146670000032	214.02	211.85	106
39.8669890000001	214.12	215.2	104
39.9194739999995	214.1	216.39	112
39.9719209999964	214.09	215.72	119
40.0240059999973	213.98	213.5	125
40.0754670000002	214.09	209.94	132
40.127950000003	214.08	208.56	124
40.181112999998	213.97	211.67	106
40.233237999998	213.97	215.05	104
40.2855789999962	213.88	216.26	111
40.3379050000012	213.99	215.61	120
40.3900850000009	214.09	213.29	127
40.4425659999996	214.08	209.76	132
40.4937859999985	213.97	208.41	124
40.5467749999985	213.87	211.53	106
40.5992470000014	213.89	215.04	104
40.6513690000027	213.9	216.25	112
40.7036969999969	214.01	215.63	120
40.7557709999979	214.21	213.44	127
40.8081799999997	214.39	210.01	133
40.8603200000003	214.45	208.67	125
40.9121730000004	214.4	211.7	107
40.9645150000006	214.36	215.11	104
41.0167809999958	214.33	216.34	112
41.0690890000015	214.29	215.69	120
41.1212360000014	214.26	213.48	126
41.1734219999984	214.24	210.06	132
41.2258530000001	214.21	208.7	125
41.2779570000023	214.09	211.68	107
41.3304059999958	214.18	215.06	105
41.3825270000026	214.07	216.27	112
41.4348320000023	214.26	215.62	121
41.4879710000008	214.13	213.41	126
41.5394079999998	214.12	209.86	133
41.5923289999962	214.11	208.49	126
41.644688000001	214.1	211.6	107
41.6967100000009	214.09	214.99	105
41.7485239999965	214.08	216.22	113
41.8018320000023	214.07	215.58	120
41.8532950000018	214.06	213.38	127
41.9056220000014	213.96	209.98	133
41.9582339999974	213.96	208.64	126
42.0110989999995	213.87	211.63	108
42.0630810000002	213.98	215.01	106
42.1155560000017	213.98	216.23	113
42.1673580000028	214.08	215.59	121
42.219049999997	214.07	213.39	128
42.2718769999966	214.07	212.94	121
42.3241539999992	214.06	216.16	106
42.3762049999982	213.95	219.45	104
42.4283439999968	214.06	220.6	112
42.4807699999958	214.05	219.91	119
42.533111999996	214.05	217.66	125
42.5852100000009	213.94	214.21	131
42.6375850000009	213.95	212.68	124
42.6901150000021	213.85	215.26	107
42.7420780000016	213.87	218.39	104
42.794248999998	213.88	219.4	112
42.8459059999958	213.89	218.49	119
42.8990439999998	213.9	216.05	126
42.9500769999996	213.81	212.39	131
43.0026789999977	213.83	210.83	124
43.0554680000022	213.95	213.63	107
43.1079460000023	213.85	216.95	103
43.1601349999979	213.87	217.88	112
43.2128430000022	213.88	217	119
43.2653599999994	213.89	214.7	126
43.3172690000013	213.9	211.09	132
43.3689460000023	213.91	209.68	124
43.4216199999973	213.92	212.65	106
43.4744600000009	213.83	215.9	104
43.5256799999997	213.85	217	112
43.5788170000017	213.76	216.39	118
43.6307419999987	213.69	214.2	125
43.6824460000023	213.62	210.66	131
43.7346969999969	213.66	209.21	124
43.7871929999962	213.69	212.13	107
43.839737999998	213.72	215.45	104
43.8917709999979	213.75	216.61	112
43.9446700000018	213.77	215.93	119
43.9967939999998	214	213.69	127
44.0484519999996	214.2	210.23	133
44.1017870000005	214.08	208.81	124
44.1537440000027	214.07	211.87	106
44.206487999998	213.96	215.34	103
44.2578650000021	214.07	216.52	112
44.3103819999993	213.96	215.97	118
44.3626049999967	213.86	213.84	125
44.4149729999974	213.78	210.36	132
44.467375	213.8	208.96	125
44.5198980000019	213.82	211.91	107
44.5720899999961	213.84	215.25	104
44.6240839999989	213.85	216.43	112
44.6760239999965	213.87	215.79	119
44.7287199999988	214.08	213.58	127
44.7810710000023	214.27	210.12	133
44.8334109999984	214.15	208.72	125
44.8851979999989	214.13	211.79	107
44.937950000003	214.02	215.26	104
44.9902060000002	214.12	216.45	113
45.0419610000029	214.1	215.91	119
45.0962770000026	213.99	213.79	126
45.1465410000011	213.99	210.33	132
45.1987660000026	214	208.94	125
45.2510209999979	214	211.91	107
45.3034160000011	213.9	215.27	104
45.3562290000021	213.91	216.47	113
45.4086169999987	213.92	215.93	119
45.4607669999972	213.82	213.82	126
45.512689000003	213.74	210.36	132
45.5643360000029	213.87	208.96	126
45.6175989999995	213.88	211.95	108
45.6697920000032	213.79	215.33	104
45.7210649999976	214.01	216.51	114
45.7737580000013	213.91	215.96	119
45.826200000003	213.82	213.82	126
45.8783769999966	213.74	210.32	133
45.9304720000029	213.76	208.92	126
45.9826209999993	213.79	211.89	108
46.0349450000003	213.71	215.25	105
46.0872070000023	213.74	216.44	113
46.1395970000029	213.76	215.91	120
46.1920789999962	213.69	213.79	126
46.2447309999988	213.62	210.33	133
46.2975370000005	213.66	208.94	126
46.349049999997	213.69	211.93	108
46.4017889999971	213.62	215.3	105
46.4531339999959	213.86	216.47	114
46.5058449999988	213.77	215.93	119
46.5583060000017	213.7	213.79	126
46.6111670000032	213.63	210.3	133
46.6628830000013	213.66	208.9	126
46.714611999996	213.7	211.87	108
46.7671359999999	213.63	215.23	105
46.8190829999968	213.67	216.42	113
46.8714739999995	213.6	215.88	120
46.9241059999988	213.54	213.76	126
46.9764099999964	213.49	210.28	133
47.0287779999971	213.54	208.89	126
47.081126000002	213.58	211.86	108
47.1336229999959	213.62	215.22	106
47.1856950000003	213.66	216.41	113
47.2378790000007	213.7	215.76	121
47.2899830000028	213.73	213.55	127
47.3422250000015	213.85	210.1	134
47.3945769999996	213.87	208.81	126
47.4468470000029	213.88	211.89	108
47.499436999999	213.79	215.36	105
47.5519670000002	213.71	216.54	113
47.6043460000008	213.84	215.85	121
47.6559039999992	213.86	213.71	127
47.7081089999974	213.77	210.36	133
47.7605099999979	213.8	209.06	126
47.8131169999987	213.82	212.02	109
47.8654570000023	213.73	215.36	106
47.9180239999965	213.96	216.53	115
47.9695029999986	213.86	215.98	120
48.0219890000001	213.78	213.84	127
48.0741279999986	213.8	210.34	134
48.1264729999974	213.92	208.94	127
48.1791520000026	213.93	211.9	109
48.2307140000015	214.04	215.25	107
48.2831110000014	214.03	216.44	114
48.3353329999968	213.93	215.79	121
48.3875319999978	213.94	213.57	128
48.4407250000015	214.04	213.05	122
48.4930289999992	213.94	216.23	106
48.545550999999	213.84	219.62	104
48.5967920000032	213.96	220.83	112
48.6491719999984	213.96	220.18	119
48.7024189999998	213.97	217.98	125
48.7538049999997	214.07	214.45	132
48.8065729999989	214.06	212.88	125
48.8586349999979	214.06	215.56	107
48.9118470000029	213.95	218.75	104
48.9629579999968	213.96	219.67	112
49.0160909999982	214.16	218.71	121
49.0682569999993	214.04	216.33	125
49.1202559999973	214.04	212.63	132
49.1727170000002	214.24	211.02	126
49.2248189999983	214.21	213.82	107
49.2770670000017	214.29	217.03	105
49.3296660000011	214.26	218.06	112
49.3817660000026	214.24	217.29	119
49.4331389999986	214.21	214.99	126
49.4856229999959	214.29	211.39	133
49.5380139999986	214.26	209.87	125
49.5905949999988	214.24	212.71	107
49.6425979999974	214.21	216.05	104
49.6947519999966	214.19	217.22	112
49.747449000001	214.07	216.45	119
49.7999479999989	214.16	214.13	127
49.8519209999964	214.15	210.59	132
49.9040789999962	214.13	209.26	124
49.9559750000015	214.12	212.29	107
50.0094809999988	214.01	215.58	104
50.0610789999962	214.21	216.73	113
50.1136620000005	214.09	216.15	119
50.1652470000014	213.98	213.98	125
50.2172550000027	213.98	210.46	132
50.2703790000007	213.98	209.05	125
50.3223449999988	213.98	212	107
50.3745839999989	213.99	215.33	105
50.4266550000012	214.19	216.51	113
50.4799099999964	214.07	215.96	119
50.5314130000025	213.96	213.82	126
50.58375	213.87	210.34	132
50.6360829999968	213.88	208.95	125
50.6880040000007	213.89	211.92	107
50.7405129999965	213.8	215.28	104
50.7929849999994	213.82	216.46	113
50.845549999997	213.84	215.93	119
50.8970380000025	213.76	213.82	126
50.9497760000005	213.68	210.35	132
51.0020920000002	213.71	208.95	125
51.0548179999962	213.84	211.93	108
51.1070160000026	213.76	215.3	104
51.1584149999991	213.78	216.49	113
51.2111939999983	213.8	215.96	119
51.2632229999974	213.72	213.84	126
51.3153969999999	213.65	210.37	132
51.3680389999971	213.79	208.97	126
51.4205059999973	213.91	211.94	108
51.4721660000011	213.82	215.3	105
51.5247129999995	213.93	216.48	113
51.5770349999964	213.94	215.94	120
51.6289099999964	213.85	213.82	126
51.6809069999978	213.76	210.35	132
51.7331190000027	213.79	208.95	126
51.7864050000012	213.81	211.93	108
51.8379979999959	213.73	215.29	105
51.8900689999983	213.75	216.47	113
51.9426569999978	213.78	215.94	120
51.9950129999965	213.7	213.82	126
52.0468179999962	213.63	210.35	133
52.0994509999976	213.67	208.96	126
52.1516000000015	213.8	211.94	108
52.2041169999987	213.82	215.3	105
52.2568530000001	214.04	216.49	114
52.3084539999962	213.93	215.81	120
52.3606220000014	214.04	213.6	128
52.4135160000026	214.04	213.11	121
52.4650319999978	213.93	216.4	105
52.5181169999987	213.84	219.76	103
52.5696499999985	213.86	220.85	112
52.6222170000002	213.97	220.2	119
52.6751379999965	213.87	218.01	124
52.7276639999971	213.79	214.5	130
52.7790600000024	213.91	212.91	124
52.831199000001	213.82	215.46	107
52.8837360000014	213.84	218.56	104
52.9361579999998	213.95	219.55	112
52.9881489999965	214.16	218.63	120
53.0408339999989	214.04	216.27	125
53.0920139999986	214.24	212.57	132
53.1446510000005	214.21	210.96	124
53.1971220000014	214.39	213.77	107
53.2492119999975	214.35	216.98	104
53.3018409999982	214.42	218.02	112
53.3539149999991	214.38	217.25	118
53.4060799999982	214.34	214.96	125
53.4576979999989	214.3	211.36	131
53.5117129999995	214.27	209.85	124
53.5631609999985	214.25	212.71	106
53.6152569999993	214.32	216.05	104
53.6679649999961	214.29	217.23	111
53.7248900000006	214.16	216.59	118
53.7849909999967	214.04	214.37	125
53.8374200000018	213.94	210.82	131
53.8818599999994	213.95	209.36	124
53.9330349999964	213.95	212.27	106
53.9808030000031	213.96	215.58	104
54.0330759999976	213.96	216.71	112
54.085313000001	214.06	216.02	119
54.1376180000007	214.26	213.77	126
54.1902009999976	214.43	210.29	132
54.2422100000009	214.29	208.86	124
54.2944659999982	214.16	211.91	106
54.3476550000012	214.14	215.36	104
54.3996639999971	214.33	216.52	113
54.4515769999996	214.2	215.97	118
54.5035719999969	214.28	213.73	126
54.5558999999985	214.35	210.14	133
54.6082669999972	214.31	208.86	124
54.661	214.28	211.95	106
54.7131679999977	214.15	215.29	104
54.7651279999986	214.24	216.48	112
54.8177920000032	214.22	215.9	119
54.8699699999988	214.29	213.76	126
54.9221099999994	214.26	210.32	132
54.9744769999981	214.24	208.95	125
55.0266709999964	214.21	211.94	107
55.0789860000014	214.19	215.3	104
55.1309570000023	214.37	216.48	113
55.1842779999971	214.24	215.82	119
55.235324000001	214.21	213.6	126
55.288012000002	214.19	210.15	132
55.3405040000007	214.07	208.74	125
55.3926609999984	214.06	211.82	107
55.445112999998	213.96	215.26	104
55.4979720000029	214.06	216.45	113
55.5507229999974	214.16	215.91	120
55.6017409999967	214.14	213.77	126
55.6537920000032	214.13	210.31	133
55.7064399999976	214.31	208.93	126
55.7594659999981	214.38	211.91	108
55.811810999997	214.34	215.37	105
55.8629539999962	214.41	216.54	113
55.915436999999	214.57	215.85	121
55.9679640000016	214.51	213.72	127
56.0202400000021	214.36	210.27	132
56.0724739999995	214.32	208.89	126
56.1250459999964	214.29	211.87	108
56.177200000003	214.16	215.22	105
56.2295579999983	214.35	216.41	114
56.2815890000016	214.21	215.87	120
56.3340679999962	214.19	213.65	127
56.386050999999	214.27	210.07	134
56.4383690000027	214.24	208.8	126
56.4903900000006	214.22	211.88	108
56.5433219999969	214.1	215.35	105
56.5951070000008	214.19	216.52	114
56.647686999999	214.17	215.83	121
56.7002199999988	214.35	213.7	128
56.7525789999962	214.32	213.17	121
56.8043479999974	214.29	216.46	105
56.8567899999991	214.16	219.96	103
56.9093379999995	214.04	221.15	111
56.9615560000017	213.94	220.47	118
57.0142119999975	213.84	218.24	125
57.065685999997	213.76	214.69	131
57.118699000001	213.78	213.09	124
57.1709909999967	213.8	215.73	107
57.2232250000015	213.82	218.91	104
57.2747360000014	213.94	219.86	112
57.3269610000029	213.85	219.02	118
57.3800249999985	213.96	216.59	126
57.4320080000013	213.97	212.84	132
57.4844109999985	213.97	211.32	124
57.5369659999982	213.97	214.18	106
57.5887299999967	213.98	217.45	103
57.6412239999995	213.98	218.48	111
57.6934970000014	213.98	217.67	119
57.7455380000025	214.18	215.3	126
57.7978570000008	214.06	211.74	131
57.8500659999996	214.16	210.26	124
57.902939000003	214.14	213.04	107
57.9541520000026	214.13	216.33	103
58.0069149999991	214.11	217.47	111
58.0592060000002	214.3	216.78	119
58.1119549999982	214.47	214.54	126
58.1640949999988	214.43	210.95	131
58.2166229999959	214.38	209.56	124
58.2689439999983	214.34	212.56	106
58.3212070000023	214.21	215.94	103
58.3736199999973	214.19	217.03	112
58.4255040000007	214.17	216.26	119
58.4776899999976	214.35	214.07	126
58.5297650000006	214.32	210.54	132
58.5818640000001	214.29	209.21	124
58.6346810000017	214.26	212.24	106
58.6863179999962	214.13	215.66	103
58.7393430000022	214.22	216.8	112
58.7914720000029	214.3	216.07	119
58.8435099999979	214.27	213.91	125
58.8958669999987	214.34	210.43	132
58.9484420000017	214.31	209.06	124
59.0008470000029	214.18	212.03	106
59.0529689999968	214.16	215.48	104
59.1052629999965	214.14	216.74	112
59.1576770000011	214.13	216.16	119
59.2101899999976	214.12	214.03	125
59.2616960000023	214.2	210.55	132
59.3141059999987	214.18	209.14	125
59.366561999999	214.06	212.08	107
59.4189209999964	214.06	215.52	104
59.4707009999976	214.05	216.78	112
59.5237119999975	214.05	216.2	119
59.5749940000027	213.94	214.05	125
59.627560999997	213.95	210.56	132
59.6805890000015	214.05	209.14	125
59.7324340000004	213.95	212.07	107
59.7842030000016	213.95	215.5	104
59.8372870000005	213.96	216.77	112
59.8897079999968	213.96	216.19	119
59.941998999998	213.97	214.05	126
59.996936999999	213.97	210.57	132
60.0462730000019	214.07	209.16	125
60.0979149999991	213.97	212.11	107
60.1508030000031	213.87	215.54	104
60.2033420000002	213.88	216.79	112
60.2552519999966	213.99	216.18	120
60.3077070000023	213.99	214.01	126
60.3597690000013	213.89	210.63	131
60.4121049999967	213.91	209.32	125
60.4645780000016	213.91	212.23	107
60.5168779999986	213.92	215.64	104
60.5690939999968	214.03	216.88	113
60.621061999999	214.23	216.28	120
60.6730860000029	214.31	214.11	126
60.7256049999967	214.27	210.71	132
60.7777229999974	214.25	209.37	125
60.8300869999975	214.22	212.29	107
60.8820710000023	214.1	215.74	104
60.9350480000004	214.09	216.87	113
60.9870909999982	214.08	216.14	120
61.0394890000001	214.17	213.98	127
61.0919549999982	214.26	210.59	133
61.1443640000001	214.23	209.26	125
61.1965410000011	214.21	212.19	108
61.2488830000013	214.09	215.51	105
61.3013210000023	214.08	216.66	113
61.3534579999968	214.07	216.1	120
61.4054600000009	213.96	213.97	126
61.4568929999992	213.87	210.5	132
61.5100670000017	213.98	209.09	126
61.5615309999958	213.98	212.04	108
61.6147129999995	213.98	215.48	105
61.6670530000031	214.19	216.75	114
61.719185999997	214.17	216.17	120
61.7714909999967	214.15	214.02	127
61.8233929999992	214.14	210.53	133
61.8759649999961	214.22	209.12	126
61.9286689999998	214.1	212.06	108
61.9799209999964	214.09	215.5	105
62.0328999999985	214.08	216.76	113
62.0849589999989	214.07	216.19	120
62.1372650000006	213.97	214.04	126
62.189685999997	213.97	210.55	133
62.2419319999963	213.97	209.12	126
62.2935249999985	213.97	212.06	108
62.3459699999988	214.18	215.5	106
62.3983900000006	214.16	216.76	113
62.4512159999982	214.04	216.17	120
62.5031639999971	213.94	213.98	127
62.5555759999976	213.85	210.47	133
62.6082709999979	213.86	209.06	126
62.6609050000012	213.87	212.02	108
62.7127889999971	213.79	215.38	105
62.7646969999969	213.91	216.56	114
62.8176569999978	214.02	215.97	121
62.8693830000013	214.12	213.82	128
62.921625	214	213.27	121
62.9737939999998	214	216.53	105
63.0257660000026	214.1	219.98	104
63.0788580000028	214.09	221.15	111
63.1312419999987	213.98	220.46	118
63.1835480000004	213.89	218.34	124
63.2356950000003	213.9	214.89	131
63.2879209999964	213.81	213.26	124
63.3397119999975	213.73	215.95	106
63.3925899999961	213.75	219.07	104
63.4446599999964	213.68	219.97	111
63.4966269999966	213.71	219.06	119
63.5494460000023	213.74	216.63	125
63.6012540000007	213.87	213.03	131
63.6531960000023	213.88	211.38	124
63.706373999998	213.79	214.13	106
63.7578889999986	213.81	217.43	103
63.8101220000014	213.73	218.45	111
63.8624839999974	213.66	217.65	118
63.9150260000005	213.69	215.29	125
63.9674930000007	213.82	211.6	132
64.0197360000014	213.84	210.12	124
64.0718409999982	213.86	213.05	106
64.1239329999983	213.77	216.41	102
64.1759560000002	213.69	217.45	111
64.2284539999962	213.62	216.63	118
64.2813079999983	213.76	214.38	125
64.3333360000029	213.69	210.95	130
64.3856689999998	213.72	209.59	123
64.4378409999982	213.75	212.47	106
64.4900759999976	213.77	215.76	103
64.5427730000019	213.89	216.87	112
64.5950899999961	213.8	216.27	117
64.6467840000018	213.72	214.08	124
64.6995219999999	213.75	210.55	131
64.7511099999994	213.78	209.13	124
64.804111999996	213.8	212.06	106
64.8562390000001	213.72	215.39	103
64.9087669999972	213.85	216.56	112
64.9608360000029	213.86	216.01	118
65.0132320000008	213.78	213.89	124
65.0656969999969	213.7	210.42	131
65.116876000002	213.73	209.02	124
65.1694460000023	213.76	211.99	106
65.2219280000031	213.68	215.35	103
65.2741810000017	213.81	216.52	112
65.3267280000001	213.83	215.97	118
65.3789600000009	213.75	213.86	124
65.4311550000012	213.67	210.4	131
65.4827100000009	213.91	208.99	125
65.5356349999979	213.92	211.98	106
65.5877390000001	213.82	215.35	103
65.6394570000023	213.94	216.53	112
65.6921810000017	213.95	215.95	118
65.7447390000001	214.15	213.81	126
65.7971400000006	214.14	210.32	131
65.8485459999964	214.12	209.02	124
65.901199000001	214.11	212.08	106
65.9533489999995	214	215.41	103
66.0059329999983	214	216.58	112
66.0581180000007	214	216	118
66.1112599999979	214.2	213.86	126
66.1631279999986	214.38	210.39	132
66.2148200000003	214.34	209.1	124
66.2669769999981	214.31	212.14	106
66.3192180000022	214.18	215.6	103
66.372550999999	214.06	216.88	111
66.4239959999993	213.95	216.26	118
66.4770670000017	213.86	214.09	125
66.5283350000009	213.87	210.6	132
66.5807669999972	213.88	209.18	124
66.6330960000008	214	212.11	107
66.6854729999974	214	215.54	104
66.7377140000015	214.2	216.8	112
66.7898060000017	214.18	216.22	119
66.8422320000008	214.16	214.07	126
66.8947039999962	214.14	210.55	132
66.9488949999958	214.13	209.21	124
66.9993699999973	214.12	212.24	107
67.0520260000005	214	215.67	103
67.1037639999986	214	216.81	112
67.1567189999968	214.1	216.08	120
67.2091909999996	214.19	213.93	126
67.2605490000024	214.07	210.56	131
67.3134629999995	214.07	209.26	124
67.3887119999975	214.06	212.2	107
67.4470340000018	213.95	215.54	104
67.4906810000017	214.06	216.69	113
67.5348479999974	214.15	216.09	120
67.5789610000029	214.24	213.93	126
67.6265600000024	214.11	210.56	131
67.6788069999963	214.1	209.25	125
67.730987999998	214.09	212.18	107
67.7840490000024	213.98	215.52	104
67.8362550000027	213.98	216.67	113
67.8877409999967	213.99	216.07	119
67.940939000003	213.99	213.91	126
67.9930939999968	214.09	210.53	132
68.045060999997	214.08	209.21	125
68.0971649999991	214.07	212.14	108
68.1506110000014	214.16	215.46	105
68.2026309999973	214.35	216.62	114
68.2548320000023	214.21	215.95	120
68.3070939999968	214.09	213.8	126
68.3591419999972	213.98	210.42	132
68.4111389999986	213.98	209	125
68.463125	213.99	211.96	108
68.5160759999976	213.89	215.31	105
68.5683980000019	213.9	216.49	113
68.6197629999965	213.91	215.95	120
68.6719689999968	213.82	213.84	126
68.7246929999963	213.94	210.38	133
68.7767910000011	214.14	208.98	126
68.8290450000018	214.23	211.97	108
68.8811110000014	214.11	215.34	105
68.9341590000018	214.19	216.52	114
68.9863479999974	214.18	215.94	120
69.0386410000026	214.36	213.8	128
69.0909439999983	214.32	213.25	121
69.1433489999995	214.19	216.41	105
69.1956229999959	214.07	219.89	102
69.2477159999981	213.96	221.08	111
69.3007049999982	213.87	220.3	118
69.3525719999969	213.78	218.2	124
69.4048599999994	213.7	214.77	130
69.4572330000028	213.83	213.16	124
69.5087299999967	213.85	215.79	107
69.5609860000014	213.86	218.96	103
69.6134340000004	213.88	219.89	111
69.6658489999995	213.79	219.02	118
69.7184900000021	213.81	216.6	125
69.7709450000003	213.83	212.85	131
69.8229909999967	213.95	211.33	124
69.8751220000014	213.85	214.2	105
69.9275710000023	213.87	217.5	103
69.9795960000008	213.88	218.52	111
70.032313000001	213.89	217.7	118
70.0836499999985	213.9	215.34	125
70.1362070000023	213.81	211.79	130
70.1882540000007	213.93	210.31	124
70.2410590000004	213.84	213.19	105
70.2930359999985	213.75	216.6	102
70.3455239999965	213.68	217.73	110
70.3974680000022	213.61	217.01	117
70.4497690000013	213.55	214.76	124
70.5023430000022	213.59	211.19	131
70.5547220000029	213.54	209.69	123
70.6070899999961	213.58	212.69	105
70.734762000002	213.52	216.19	102
